1.2926297
0.4150505
0.45710692
0.43712592
0.4490895
0.83644015
0.85998315
0.7726364
0.76102227
0.7558539
0.73503655
0.7251894
0.66139275
0.7334151
0.8630007
0.80650944
0.7566702
0.6871164
0.6803917
0.63554543
0.6621534
0.622416
0.5985778
0.5425539
0.5589279
0.57124305
0.5642744
0.525306
0.506241
0.5467407
0.61305094
0.6052618
0.53957623
0.5405481
0.54768634
0.5555246
0.53879064
0.52900016
0.51990026
0.5221488
0.51737833
0.48424706
0.6060908
0.5435937
0.5657302
0.47981906
0.58262616
0.5204447
0.51949155
0.5276506
0.5539129
0.51839787
0.59242874
0.5513764
0.56709176
0.47643748
0.5836462
0.50232154
0.5654965
0.47821316
0.5192744
0.52077645
0.510727
0.5302506
0.5661761
0.5135656
0.4735589
0.5440547
0.4212315
0.47084522
0.55152017
0.55946434
0.5075777
0.56893015
0.55565906
0.429598
0.50153583
0.4755365
0.5076396
0.48278722
0.49219203
0.4814639
0.49994728
0.53449446
0.4965198
0.52002436
0.52049774
0.51957315
0.5897703
0.51719975
0.5463225
0.553608
0.5426397
0.5404873
0.5808399
0.50891423
0.4630134
0.4504424
0.4619081
0.5341734
0.537671
0.52159685
0.5229367
0.4848542
0.5302287
0.52919894
0.58106256
0.51068395
0.5419221
0.47595903
0.44875026
0.48799184
0.42945585
0.49036893
0.57182866
0.5353049
0.5117388
0.5159127
0.5860008
0.4825993
0.50973254
0.50322753
0.56339437
0.47760168
0.5579596
0.57220244
0.5495663
0.47967133
0.49341723
0.52506995
0.52217126
0.43409225
0.5180739
0.54844993
0.5340943
0.46148053
0.5229158
0.52290606
0.5205547
0.532577
0.517352
0.55004126
0.51627725
0.5283419
0.48693097
0.5402189
0.48739934
0.52572507
0.53500545
0.49141598
0.48630843
0.504615
0.4891716
0.53141934
0.4503261
0.5057853
0.53020173
0.5116835
0.5049867
0.42780423
0.5090813
0.4797077
0.44819197
0.48033336
0.47427955
0.48821557
0.4900175
0.5285352
0.5201022
0.5148223
0.4995668
0.5190897
0.52281696
0.5907821
0.47782603
0.51083577
0.46645024
0.5037712
0.52128506
0.5273793
0.55078655
0.51717037
0.48268655
0.545882
0.5138295
0.46608242
0.5046585
0.5338182
0.48214087
0.53045064
0.5082803
0.56882423
0.6225398
0.50757504
0.4899671
0.6003424
0.59917426
0.48812103
0.50180763
0.43122792
0.58777565
0.6190404
0.47741088
0.489453
0.5008931
0.52418685
0.58274513
0.53116465
0.55604744
0.5668784
0.5185151
0.4952872
0.49434593
0.52912176
0.5071769
0.45905164
0.48214826
0.53739774
0.5206012
0.5879896
0.5539382
0.53623295
0.49884295
0.5657837
0.4737877
0.51449364
0.5256159
0.52329224
0.516537
0.45672193
0.5189541
0.4691998
0.5112452
0.47731864
0.5041125
0.49706605
0.583625
0.51314974
0.46485004
0.55141336
0.51955
0.5361351
0.4926785
0.53473955
0.4814203
0.47947326
0.44535255
0.4924401
0.46274182
0.48779377
0.4551363
0.47660175
0.48603678
0.4804133
0.49330714
0.5344846
0.5636328
0.5297449
0.53298813
0.50980276
0.51468205
0.49713102
0.5727478
0.50060314
0.44598272
0.5944447
0.5212973
0.5720003
0.60227996
0.4845699
0.47838545
0.51533574
0.51785946
0.49947402
0.5118281
0.51577765
0.493346
0.5401979
0.5182694
0.54610634
0.5195193
0.4927958
0.53955203
0.5419938
0.5039513
0.5130469
0.5139995
0.56721455
0.50394213
0.49337053
0.49013492
0.4953986
0.5280318
0.47164527
0.539239
0.4836416
0.49444294
0.5180354
0.5299995
0.58819324
0.45833907
0.43885097
0.5427311
0.4811412
0.5014632
0.52785033
0.564395
0.5371259
0.53640735
0.50752884
0.50096565
0.48644194
0.5484913
0.52048916
0.569258
0.49937376
0.5365639
0.4912076
0.49129096
0.47646937
0.45559296
0.46414563
0.45857283
0.5129103
0.49558613
0.48804942
0.5204987
0.50881904
0.5259374
0.5173771
0.54594713
0.48024297
0.4497869
0.46899328
0.49377394
0.5081676
0.49297202
0.46080455
0.5048674
0.5073367
0.5063099
0.5112358
0.52662164
0.5233989
0.41539383
0.5038814
0.46768394
0.5124475
0.52780825
0.49607953
0.5826302
0.49743685
0.46897516
0.49653208
0.51271504
0.5185127
0.52876705
0.5626871
0.44776726
0.50110096
0.52448875
0.51137036
0.49765834
0.47726464
0.48358998
0.44824633
0.53202635
0.48419926
0.50620335
0.59114736
0.4386928
0.5909942
0.49359724
0.59174055
0.51736003
0.5389803
0.46321395
0.57101357
0.51380795
0.45026127
0.55936486
0.4765526
0.4874467
0.5353182
0.48795846
0.4729549
0.5112507
0.4561931
0.49459466
0.50276804
0.4685084
0.5049589
0.51718813
0.4902046
0.501367
0.51916856
0.4877477
0.5103896
0.52530235
0.57911307
0.6043244
0.5464236
0.51751316
0.48923
0.56221104
0.4882567
0.50679505
0.422482
0.52329963
0.42983198
0.5181717
0.54181
0.4719262
0.58275247
0.5089992
0.50684446
0.5300214
0.4902395
0.5427343
0.5105477
0.5629427
0.52970004
0.47840166
0.54313785
0.4994214
0.5445774
0.5204572
0.4570899
0.48540375
0.5028928
0.5013283
0.5288903
0.4849372
0.46862206
0.49699143
0.4991796
0.49858704
0.48920497
0.49310303
0.5060645
0.45459473
0.5000388
0.4875982
0.46230736
0.4740738
0.46302065
0.5583529
0.52164906
0.4974947
0.56183714
0.49064386
0.46638146
0.5016468
0.53022176
0.458995
0.5239411
0.5047805
0.4772384
0.495368
0.4952383
0.49198827
0.46813202
0.5019216
0.53865576
0.6333594
0.530384
0.554463
0.4987725
0.46669993
0.4443953
0.4978857
0.4787167
0.5441044
0.4733323
0.5214153
0.48116806
0.50866646
0.5484202
0.59498507
0.4761378
0.50507575
0.49037838
0.49543285
0.49269304
0.5034371
0.5494521
0.4630295
0.4619262
0.55951303
0.5170612
0.5371322
0.5332069
0.5371118
0.48934257
0.5558707
0.55846685
0.5099714
0.46156433
0.4817376
0.51411146
0.48955664
0.56482244
0.5210243
0.48781803
0.49160329
0.5332439
0.47970256
0.600244
0.52966696
0.5054259
0.5119641
0.46814546
0.5396953
0.5074315
0.47902235
0.5091449
0.52469826
0.4497836
0.50108355
0.43600035
0.49838743
0.44060364
0.49381065
0.4872907
0.45788574
0.54715645
0.49407634
0.53515077
0.49821353
0.55758923
0.49345446
0.51993835
0.45783505
0.49237284
0.50950545
0.48630977
0.4543263
0.58812875
0.52835304
0.4793853
0.53176636
0.48403013
0.41007474
0.5906666
0.5395527
0.47872138
0.55723864
0.47662106
0.4625254
0.4505287
0.5270693
0.5301981
0.47301582
0.55154234
0.5580998
0.48407474
0.49673843
0.49044648
0.49703562
0.5050141
0.5824694
0.49028158
0.49100852
0.48609218
0.5687259
0.5592343
0.456213
0.51043606
0.4900558
0.52407
0.5018298
0.53620714
0.53025293
0.5577715
0.48453426
0.49651778
0.47765467
0.43637952
0.48094383
0.55763054
0.57355696
0.45921525
0.56008524
0.53253824
0.5631101
0.521208
0.47256443
0.46767592
0.49075088
0.4727523
0.51804507
0.5168717
0.4741218
0.47727337
0.48542514
0.48071733
0.53079003
0.43567684
0.5337283
0.5136288
0.5263224
0.5255749
0.42694923
0.5036089
0.48806128
0.5498124
0.48709854
0.44030157
0.51551604
0.5177729
0.511931
0.5004553
0.49997923
0.5827709
0.50271183
0.5039016
0.5011637
0.44590273
0.59475994
0.48774004
0.52767634
0.6214585
0.54601765
0.49897122
0.470782
0.47591797
0.5437102
0.5079195
0.52182746
0.4981502
0.4858726
0.4553789
0.5172534
0.47761405
0.5238105
0.48291433
0.5149773
0.5016963
0.5187064
0.48805252
0.47300005
0.5132904
0.54769015
0.48430943
0.49190113
0.46799597
0.52740645
0.46467963
0.5162261
0.45089924
0.5248344
0.5995923
0.46237049
0.48069
0.50823575
0.51456726
0.46168706
0.46036473
0.47168982
0.5375797
0.5793957
0.5003893
0.5599714
0.47380278
0.48061362
0.49222073
0.5101336
0.49830785
0.48114073
0.52175397
0.5354771
0.48615208
0.49198118
0.4786531
0.52205175
0.49389124
0.50623757
0.52432925
0.54087406
0.4717987
0.482203
0.5154844
0.53031206
0.48636127
0.48419836
0.44085237
0.46226344
0.5060429
0.6146818
0.48094353
0.4735503
0.4719132
0.49955678
0.49014625
0.52513427
0.44973966
0.48906115
0.48866725
0.5185997
0.43208888
0.4706039
0.5278065
0.47651482
0.5017766
0.49071786
0.47249374
0.47585487
0.51069546
0.5505447
0.49286333
0.5021364
0.4769957
0.51062447
0.5004683
0.5016589
0.5031825
0.53694123
0.492448
0.49858943
0.528112
0.4932398
0.46860275
0.50157136
0.56128854
0.5402893
0.47355032
0.4593412
0.53534484
0.49682078
0.48560658
0.5034006
0.54051834
0.51150507
0.50649446
0.5370774
0.51288754
0.4976894
0.49454442
0.47271585
0.57981384
0.5158909
0.60430104
0.4341708
0.38583875
0.56924546
0.5735504
0.5090893
0.5134521
0.5266395
0.49177405
0.5523092
0.53869575
0.5165899
0.49598756
0.4975504
0.52580816
0.4588182
0.47501385
0.5140771
0.5003012
0.6015036
0.46651307
0.45977643
0.46320596
0.45286262
0.4128841
0.5303835
0.5054865
0.5636173
0.44046187
0.53955436
0.5574556
0.48374915
0.532283
0.54872394
0.54565054
0.4755527
0.57862616
0.5327427
0.4847642
0.53515214
0.5343401
0.5438792
0.5018295
0.57741255
0.4874896
0.5148578
0.47813508
0.5801254
0.5035114
0.57725257
0.5239869
0.8126282
0.7790963
0.72620195
0.7366163
0.6750049
0.6289919
0.6767423
0.63750964
0.5906128
0.58367616
0.6205958
0.5978424
0.56007856
0.61146015
0.5186338
0.56255764
0.49114743
0.52244157
0.6186247
0.515861
0.5765198
0.55300087
0.5149687
0.5347398
0.46605006
0.50695163
0.5698022
0.5558684
0.5405054
0.48582414
0.5728925
0.5503201
0.5473716
0.80414253
0.7737515
0.71159166
0.7310426
0.6358531
0.65224415
0.6268813
0.58414173
0.59981436
0.5792812
0.56667364
0.6007765
0.5190387
0.5695983
0.52674925
0.56178415
0.5556581
0.52902216
0.57570994
0.55900013
0.51697326
0.4957606
0.5353835
0.53680104
0.5531029
0.4671218
0.52371454
0.50237274
0.53398347
0.53927416
0.5872663
0.58468264
0.46235988
0.5378638
0.5113766
0.6576946
0.506321
0.5404341
0.46416977
0.5567553
0.47112975
0.5739457
0.47421026
0.4888904
0.57093024
0.5912156
0.5092571
0.54567266
0.5131265
0.4961004
0.47451913
0.53508306
0.531835
0.51050967
0.5345929
0.5777288
0.5416165
0.52797455
0.55058974
0.55310065
0.4519359
0.45753315
0.55486226
0.5581573
0.5462518
0.52880317
0.51366264
0.6012703
0.5280885
0.5607185
0.4548162
0.56662005
0.56010514
0.47195148
0.4963235
0.47381267
0.49941242
0.50065655
0.5039672
0.50139153
0.6408934
0.5272619
0.5046095
0.46731892
0.47204503
0.48079038
0.5060556
0.5533209
0.5281542
0.55983955
0.45948794
0.530684
0.55581146
0.4861987
0.48614445
0.4776777
0.5258816
0.5225013
0.53032273
0.53802437
0.46618053
0.47296163
0.43282104
0.5171355
0.4795027
0.50159216
0.5002109
0.48274007
0.46899495
0.53307176
0.49835002
0.48604274
0.5376691
0.52791125
0.50227875
0.483403
0.45684686
0.48439646
0.46876475
0.48667422
0.66804296
0.56656855
0.59259576
0.4577106
0.5135104
0.4687774
0.47937965
0.5451824
0.45585236
0.4705828
0.5466454
0.52182305
0.58562416
0.49784335
0.48382774
0.48858985
0.45730707
0.4827579
0.59096456
0.50673205
0.5001548
0.4791516
0.4979174
0.49410856
0.47612086
0.8096873
0.79803354
0.7258623
0.67932844
0.6783472
0.6561385
0.60837346
0.61527133
0.5603278
0.5909353
0.53819543
0.53075355
0.5557299
0.51500887
0.5567001
0.53343385
0.4993957
0.55755204
0.5445719
0.51633686
0.53959197
0.4944848
0.51185715
0.48036566
0.50189084
0.48588
0.49809682
0.4660581
0.52304107
0.4560053
0.48528305
0.506148
0.49364507
0.46227553
0.5073097
0.8328164
0.77390337
0.72407156
0.7104697
0.6417599
0.6242296
0.6315546
0.58616287
0.58237267
0.57192963
0.56351
0.5353363
0.5356335
0.54865474
0.5410951
0.56518704
0.5580279
0.5173417
0.5437078
0.5674513
0.50565886
0.54898435
0.5169273
0.55500144
0.50972134
0.48535815
0.5050592
0.48827615
0.51932555
0.52141875
0.5317853
0.5068092
0.48920467
0.49032998
0.5035466
0.46661296
0.4733604
0.48673567
0.51055163
0.51679045
0.5106678
0.48860064
0.4915427
0.47912
0.48637
0.5118054
0.50354624
0.47188845
0.50718665
0.483789
0.5280345
0.4784399
0.46514904
0.5228149
0.46937108
0.4477377
0.47553894
0.55739504
0.53991026
0.4794291
0.4525607
0.47928485
0.5306011
0.47461924
0.45209154
0.4860392
0.49402633
0.48617503
0.48276475
0.48984495
0.53335124
0.51475537
0.43482837
0.47468957
0.51679635
0.46563748
0.44411644
0.5077131
0.51126504
0.45460653
0.48127237
0.48666123
0.4427539
0.48227274
0.5771865
0.4778395
0.49527183
0.47431648
0.48406538
0.4744471
0.47297105
0.48748192
0.48654625
0.5280406
0.47689047
0.45955813
0.45394194
0.4875292
0.50383425
0.4797747
0.44584766
0.47458264
0.50763106
0.4846499
0.46939918
0.46008608
0.49085185
0.51423866
0.46617725
0.4825327
0.45650125
0.46535537
0.63304204
0.52583736
0.5339016
0.4483558
0.49456573
0.5279718
0.46058574
0.47314444
0.46243382
0.4832407
0.4880936
0.43415844
0.49312195
0.5328058
0.474656
0.44833735
0.50848347
0.4786118
0.45946467
0.48493853
0.49688348
0.47321972
0.43453112
0.48173356
0.5049496
0.4586117
0.47465262
0.45824644
0.46019006
0.49590287
0.4359096
0.47441605
0.5356892
0.48481664
0.47766778
0.82517225
0.83341503
0.82605225
0.8224148
0.8264787
0.83513254
0.81625587
0.81763726
0.8140907
0.818902
0.8279787
0.823047
0.8450496
0.8333687
0.83060527
0.79227686
0.83978397
0.82313234
0.80249715
0.81238705
0.8065588
0.80862904
0.83967847
0.8299324
0.8013296
0.8480248
0.83015734
0.83086133
0.8281582
0.8206621
0.8242957
0.813056
0.8201707
0.830832
0.82729673
0.8254301
0.84035987
0.82192636
0.809171
0.82329774
0.8368767
0.844434
0.8240598
0.82839483
0.8464034
0.8324935
0.8294142
0.8313411
0.8222533
0.8230608
0.8203039
0.8296601
0.8106745
0.8006685
0.83008
0.81611305
0.8293312
0.8397312
0.8301068
0.83420724
0.83963656
0.82953733
0.80856866
0.819439
0.81065124
0.8059213
0.8163834
0.8253601
0.8049105
0.8375396
0.81254625
0.8505655
0.8204217
0.80838674
0.82361156
0.82679754
0.8142994
0.82580084
0.8262461
0.84049743
0.82633597
0.8100376
0.8146119
0.8138099
0.827202
0.8210714
0.83039683
0.83705974
0.81104875
0.82922935
0.8066268
0.8150032
0.8229014
0.82255554
0.8097498
0.79051465
0.82857656
0.82865983
0.8199747
0.8068156
0.81694776
0.82359695
0.8124303
0.8158222
0.87310416
0.83344954
0.81996626
0.8173501
0.8179272
0.81166345
0.81909496
0.85146433
0.83000827
0.824699
0.8398425
0.8430207
0.82314754
0.8282369
0.8329703
0.8472767
0.854523
0.8371056
0.8547673
0.7959759
0.84506005
0.84434414
0.81083626
0.8144114
0.8459093
0.82069963
0.8241808
0.82722855
0.84158176
0.8210375
0.8304546
0.8438967
0.8219895
0.854145
0.838517
0.81900567
0.8250716
0.85638386
0.8439653
0.82249075
0.83244044
0.81397754
0.83955806
0.81323296
0.8449943
0.814677
0.8387849
0.8203085
0.8140915
0.8525545
0.82839423
0.8148775
0.82048744
0.8275587
0.85364753
0.82268506
0.8325942
0.83493346
0.79504323
0.8127019
0.820771
0.810605
0.7991009
0.8209055
0.8164017
0.83563256
0.81964797
0.8072993
0.80288905
0.81686234
0.81600523
0.8220074
0.82557726
0.81531626
0.8037109
0.8285494
0.7871356
0.81827825
0.805204
0.78143936
0.80269116
0.78635293
0.7877641
0.810386
0.801209
0.81129074
0.7905094
0.79130906
0.7971113
0.8315823
0.80449754
0.7982033
0.7670154
0.8155531
0.8087233
0.7956498
0.80929893
0.8113615
0.75937134
0.7758028
0.7663145
0.79401803
0.77470773
0.79105
0.78993684
0.8063812
0.7675915
0.77068514
0.7829352
0.80367845
0.74106973
0.745668
0.75524503
0.78672934
0.75015706
0.78416157
0.72334796
0.7485625
0.7510095
0.7456711
0.7306757
0.6866653
0.7271857
0.72961503
0.7111797
0.7040804
0.67704916
0.6852479
0.66160256
0.6831135
0.63931084
0.67370564
0.644916
0.613501
0.655083
0.5932525
0.61799645
0.59774715
0.57739717
0.60744196
0.5784982
0.54015255
0.6581164
0.5759642
0.58921665
0.55308694
0.6680198
0.56208545
0.5840588
0.565357
0.54138094
0.55134046
0.53543776
0.5723937
0.56045485
0.5575053
0.5703139
0.58330566
0.54225016
0.59832025
0.5549785
0.59199154
0.5522637
0.5289572
0.5353742
0.5597313
0.6633055
0.5448846
0.48992658
0.557887
0.5542018
0.5668999
0.54235065
0.56793964
0.54453844
0.56654257
0.4916207
0.56190205
0.5362998
0.5351157
0.5432998
0.52185947
0.6027071
0.4805187
0.54965067
0.59765023
0.56815594
0.5155301
0.547082
0.55292577
0.5528099
0.6815533
0.55274135
0.5285966
0.5713408
0.616103
0.52142054
0.46684608
0.56904143
0.52000564
0.55837035
0.54301745
0.49396464
0.5677144
0.5115705
0.4584355
0.51629734
0.5274537
0.5162689
0.5123546
0.56244403
0.58312774
0.50606716
0.53563976
0.55271024
0.50364363
0.52103245
0.58147323
0.51934063
0.5668381
0.5405229
0.56406665
0.49850464
0.52628124
0.5298757
0.51936483
0.51155484
0.54580665
0.57524985
0.49972174
0.5214285
0.49964726
0.53662306
0.50693256
0.49937323
0.56647784
0.55460256
0.565263
0.53889304
0.48017216
0.5407732
0.4995302
0.55566233
0.5368892
0.53282124
0.4949627
0.5082805
0.46931466
0.5479395
0.54200387
0.62991023
0.5264555
0.5575531
0.57009673
0.52546096
0.4895233
0.4930534
0.55952364
0.5063939
0.4782041
0.47099447
0.47036564
0.46313438
0.5377522
0.5478635
0.5823778
0.48921725
0.5178243
0.5385346
0.5274443
0.5123181
0.5125876
0.44242954
0.51807886
0.47528172
0.4947457
0.4822329
0.48471653
0.5141124
0.61241263
0.558676
0.49696597
0.43352827
0.4992113
0.51789945
0.6013599
0.45281947
0.48520675
0.54730624
0.5421891
0.5560518
0.55053055
0.48927906
0.57689536
0.5011956
0.4639095
0.5267418
0.4993246
0.5954246
0.550737
0.5000563
0.5312204
0.55061114
0.50148064
0.5112919
0.47313252
0.45372298
0.48747888
0.5130649
0.54264
0.4358728
0.53524214
0.55034596
0.4841111
0.4533228
0.5201962
0.5471663
0.5656724
0.515335
0.5724449
0.5269425
0.5469791
0.46995452
0.5069558
0.5059367
0.5315662
0.48988524
0.5410401
0.47552016
0.52711016
0.525293
0.5209126
0.50455
0.50777143
0.5234906
0.46370423
0.51682365
0.47958994
0.53060657
0.5407878
0.5578603
0.4797057
0.4976964
0.56428987
0.5184869
0.5297616
0.46242753
0.48556253
0.553558
0.47720027
0.5894976
0.5150024
0.45550755
0.5003049
0.5264852
0.5963575
0.4882401
0.5567927
0.4910619
0.4860867
0.5104158
0.5199509
0.46471217
0.5347049
0.45254114
0.5292515
0.5438872
0.45201567
0.48142707
0.48741922
0.53185946
0.5876456
0.60135573
0.48950854
0.5997363
0.8346668
0.79829484
0.80468583
0.8329703
0.8196549
0.8179436
0.843293
0.7927427
0.83277625
0.8400677
0.81770414
0.80877954
0.85501856
0.8233521
0.8228523
0.8227036
0.8045643
0.8196983
0.84159833
0.83268553
0.8394258
0.8124485
0.8271449
0.8341879
0.83828527
0.8434264
0.79271024
0.81249505
0.8307889
0.8250887
0.82363003
0.83927554
0.8135371
0.8464315
0.8343577
0.81882524
0.85294986
0.8429478
0.8107659
0.8422033
0.8294974
0.8282473
0.847377
0.82833546
0.83616525
0.82045984
0.8331016
0.819273
0.8470165
0.82723874
0.860277
0.84505194
0.8449088
0.83647376
0.80577415
0.85497206
0.83949393
0.7958562
0.8154092
0.83119375
0.8551233
0.8310024
0.8484574
0.8511966
0.8219385
0.8438552
0.8304761
0.8389261
0.8438084
0.8384342
0.78519845
0.7940113
0.81178147
0.83065265
0.8127939
0.82659525
0.8252446
0.8388567
0.832742
0.8143937
0.7936937
0.7881183
0.7848766
0.7856598
0.76543
0.7884414
0.7291916
0.74496955
0.7567405
0.739598
0.7438075
0.7221665
0.7353347
0.73071676
0.7268831
0.68358475
0.6725351
0.64214617
0.6370994
0.70556927
0.70580554
0.6961494
0.6477091
0.62148696
0.60736436
0.6295845
0.73051494
0.75015956
0.7415262
0.66462356
0.71239215
0.74585134
0.7076884
0.6978559
0.7305517
0.7397862
0.7055716
0.7233663
0.684853
0.65951985
0.60857594
0.6358847
0.66769123
0.62205756
0.649644
0.60813123
0.61974853
0.579544
0.5941654
0.5873397
0.5072532
0.48295376
0.5096017
0.5748351
0.5184582
0.5313818
0.67774516
0.67512894
0.67570186
0.66348845
0.5929422
0.64196324
0.6524076
0.68400294
0.6495284
0.6504018
0.6024916
0.6650599
0.67061263
0.6424763
0.6654413
0.6659418
0.60724956
0.6417262
0.6702986
0.6243405
0.61083114
0.5789892
0.641608
0.6431948
0.61424065
0.575695
0.5839913
0.63290733
0.6314111
0.5966188
0.6302521
0.6840115
0.66224045
0.6821435
0.63362926
0.6276491
0.67922497
0.6343541
0.6878021
0.634824
0.63333935
0.63092977
0.6001707
0.5859248
0.63478047
0.58835393
0.5721491
0.5489891
0.6248316
0.5944832
0.56905603
0.5945151
0.60218114
0.50545156
0.5886013
0.628253
0.59252495
0.56716466
0.59939164
0.6431033
0.6698001
0.5805288
0.5647063
0.58989257
0.54918903
0.5971771
0.53398997
0.50662506
0.5463701
0.6188409
0.53558177
0.62054306
0.5503439
0.5614859
0.6147793
0.5908546
0.5480731
0.55434006
0.54914093
0.58001363
0.5759422
0.5814306
0.55196637
0.5317157
0.6805275
0.62270576
0.714272
0.677481
0.69672495
0.6035783
0.54816955
0.6178722
0.60915
0.5536658
0.5539061
0.5615253
0.5069435
0.5908996
0.6808803
0.651479
0.59163344
0.5629518
0.5590722
0.5516228
0.64164144
0.509945
0.5631082
0.59099394
0.5560445
0.552247
0.5461373
0.56537914
0.53355527
0.63909036
0.68341476
0.67211646
0.6517734
0.6925313
0.6036895
0.6084104
0.6434352
0.6232482
0.62694913
0.65702385
0.66503155
0.6448441
0.6451389
0.6831763
0.65131336
0.6267422
0.613934
0.6548434
0.6673263
0.61617714
0.6879751
0.6598938
0.68670106
0.6293231
0.65703136
0.561788
0.6055818
0.5937495
0.5555599
0.60004526
0.5775804
0.5686514
0.5695136
0.6131533
0.5542141
0.5391713
0.59597737
0.5674904
0.4997768
0.52153957
0.46320212
0.59759355
0.5128461
0.5585137
0.599768
0.55335695
0.6740444
0.7011296
0.6418504
0.63529736
0.6089068
0.59425634
0.6313613
0.6015735
0.6349655
0.6127704
0.639824
0.60881877
0.6258095
0.63008064
1.3682865
1.227203
1.1458949
1.0835737
0.94321513
0.98128635
0.88957256
0.8432353
0.76325965
0.76980877
0.7498341
0.7245434
0.6713304
0.606267
0.5647571
0.6198594
0.64798903
0.5739721
0.5582601
0.5881626
0.5292348
0.5706704
0.5826116
0.542439
0.46237108
0.5067194
0.5073858
0.5380935
0.43378976
0.58021
0.44559374
0.49368033
0.49563637
0.44620815
0.39579794
0.46165147
0.4604938
0.4504595
0.4463726
0.41521117
0.43926513
0.46405196
0.39332566
0.44592485
0.38520125
0.4465079
0.40726742
0.42784974
0.37109497
0.43710127
0.43982625
0.37973604
0.42856345
0.40212488
0.38625857
0.3972824
0.44003853
0.40402412
0.4768174
0.3649695
0.37422824
0.39016926
0.37784138
0.43850675
0.4488183
0.3841592
0.46147427
0.36080718
0.43610594
0.42490497
0.39636564
0.38444188
0.340618
0.39261773
0.42039156
0.41430202
0.4140419
0.29338804
0.41283956
0.38241434
0.39350417
0.40517545
0.36181307
0.342935
0.39334443
0.4282526
0.4184393
0.3673252
0.2873004
0.43548763
0.41784593
0.36338618
0.352736
0.37409365
0.37489918
0.36170855
0.34791926
0.33833992
0.3526052
0.33009103
0.4433861
0.3935759
0.35970733
0.43978786
0.38869557
0.42136708
0.3721576
0.35936782
0.3884537
0.35074404
0.37832072
0.42786935
0.37599763
0.39865103
0.3957839
0.4826239
0.41106427
0.4184511
0.34816107
0.3655888
0.41665676
0.35796073
0.4554309
0.3737177
0.3680066
0.37407574
0.38695887
0.41388
0.39281872
0.3834413
0.4160572
0.4481846
0.3512456
0.5610016
0.4196814
0.3964813
0.4241754
0.35082376
0.38334513
0.37497768
0.29926753
0.42281297
0.3607417
0.44268668
0.3843689
0.37346032
0.40172294
0.34418955
0.36363706
0.32464057
0.3635341
0.42844275
0.40993273
0.33305642
0.4012786
0.37898168
0.39432204
0.3700149
0.40489575
0.36095867
0.38448286
0.39153457
0.43947992
0.39007267
0.34643373
0.4114934
0.41908017
0.35802564
0.36918834
0.3668327
0.37268576
0.38753477
0.33415154
0.41241452
0.35616764
0.34496477
0.43606102
0.44179156
0.35740247
4.8249664
0.34825945
0.42665017
0.3090637
0.40055045
0.40981647
0.40832672
0.3639176
0.35088298
0.3904424
0.36491892
0.38231674
0.3918326
0.40789875
0.36585224
0.44660553
0.38351235
0.37441197
0.3517085
0.39292982
0.40638545
0.42199585
0.4430393
0.3939897
0.3786893
0.39514485
0.35887298
0.38375676
0.3583922
0.42174754
0.37103617
0.44183186
0.4489176
0.373548
0.3855442
0.36635765
0.422235
0.40790161
0.4130701
0.4023689
0.37770388
0.38326773
0.4255745
0.38265634
0.4046702
0.41448793
0.35673484
0.34839407
0.3917807
0.3531258
0.37012124
0.38877627
0.38995492
0.43202594
0.38735977
0.30888584
0.35553396
0.41739056
0.40913197
0.41758856
0.36264646
0.39900723
0.37701723
0.43489787
0.33883145
0.40113163
0.41930878
0.3975633
0.33989272
0.38498032
0.38682768
0.3610734
0.40446565
0.3723848
0.43673804
0.41572657
0.38858092
0.42121932
0.36844316
0.40637824
0.3999026
0.42721725
0.40106726
0.39351737
0.37353098
0.40155387
0.4125565
0.44059542
0.41287836
0.38500205
0.4091545
1.3234414
1.2470158
1.1447086
1.0678397
0.9966019
0.99390715
0.8699644
0.8687226
0.8017424
0.76106507
0.7180651
0.6824613
0.6904454
0.6295464
0.6381989
0.6235722
0.5820604
0.6183331
0.6134357
0.54883045
0.5807293
0.56835985
0.5468266
0.5379607
0.4736824
0.51956314
0.46172822
0.50967306
0.4586037
0.47550163
0.49387026
0.47277153
0.46385875
0.47388938
0.4737233
0.43455228
0.4573349
0.44154868
0.45128617
0.4292308
0.4127688
0.40850726
0.42297602
0.41473317
0.434646
0.40387836
0.41535953
0.37675223
0.43836057
0.4342052
0.39705715
0.3926976
0.390991
0.3946044
0.42722723
0.39409617
0.4120305
0.39557806
0.40129885
0.38464496
0.42458722
0.38428208
0.39619687
0.4164069
0.3795248
0.41593063
0.42416462
0.42614797
0.36402312
0.417479
0.38367614
0.38810602
0.37865272
0.38326037
0.4223349
0.40756568
0.38281012
0.40049875
0.35903838
0.39092442
0.39252162
0.4033189
0.3933401
0.41542935
0.37399045
0.36601046
0.40524343
0.39858612
0.39394164
0.37186608
0.3990941
1.068374
1.0002025
0.91642505
0.8298853
0.7800536
0.7370073
0.7062583
0.64607877
0.63023114
0.6095776
0.56833345
1.1157789
1.0160087
0.90793467
0.85543114
0.7629655
0.726877
0.67159206
0.6249162
0.6339715
0.5940423
0.57732016
0.5354647
0.54089636
0.5248895
0.5006723
0.4850501
0.47701862
0.42881322
0.4599973
0.44891515
0.4300445
0.44629112
0.4111069
0.42386612
0.42780545
0.42026785
0.39878199
0.41751873
0.3535736
0.36974847
0.39661542
0.40357235
0.4144257
0.35237134
0.38632688
0.42261684
0.41497096
0.4107801
0.3838993
0.37016213
0.41627526
0.4004945
0.4178506
0.38975167
0.40223572
0.3863119
0.38856837
0.35544524
0.39451385
0.38779423
0.37997675
0.3831499
0.38580084
0.44303748
0.38632867
0.3855352
0.37361476
0.32448837
0.36115852
0.37422082
0.43938032
0.36739472
0.34813038
0.39095137
0.36199054
0.3913422
0.39725205
0.33094832
0.36836433
0.40260348
0.38198468
0.37247851
0.38215482
0.39620864
0.3786099
0.37613416
0.41680613
0.39561033
0.3813753
0.3635211
0.3456756
0.31287387
0.38756394
0.34898582
0.3616424
0.36879846
0.33233947
0.41885337
0.36345086
0.39834908
0.3921155
1.1158398
1.0139427
0.9264424
0.83666533
0.8034459
0.7348499
0.684357
0.6393139
0.6198826
0.56960803
0.56294894
1.1047709
0.9936981
0.956609
0.846626
0.76408607
0.7348468
0.6971591
0.6209144
0.6410266
0.5868414
0.5728372
0.5364089
0.51893425
0.49431118
0.4618243
0.5036424
0.46403465
0.45636526
0.44619143
0.44220877
0.43853772
0.45321214
0.46217784
0.42535865
0.39630425
0.38675782
0.42313758
0.41499493
0.4069331
0.41803503
0.4689207
0.40229642
0.39150974
0.38270333
0.4249972
0.42503348
0.40847874
0.38813344
0.39454556
0.38201472
0.4313393
0.36793232
0.38315868
0.41969514
0.40878117
0.38078284
0.36446485
0.44406402
0.38767877
0.44097736
0.34537235
0.3658851
0.3652384
0.38019434
0.31926048
0.39161673
0.3303158
0.4252654
0.395179
0.3665
0.37256697
0.41691098
0.3421483
0.33771
0.39059937
0.32938254
0.37971568
0.39274156
0.34674585
0.39749265
0.36805478
0.32892933
0.34154442
0.3470563
0.38739625
0.39759937
0.35063243
0.35930336
0.35669765
0.4334809
0.40059412
0.39387047
0.4172323
0.40215826
0.46498725
0.3728017
0.33087078
0.42358533
0.36844233
0.3658881
0.39557394
0.3590174
0.3092234
0.36146942
0.39242795
0.38860646
0.38188577
0.39743698
0.3591694
0.36153826
0.3702048
0.32331237
0.37245178
0.39160177
0.38923168
0.3636668
0.3182405
0.39392292
0.3876736
0.34732118
0.37745115
0.42020908
0.39791188
0.38768277
0.41817904
0.33993295
0.37378743
0.3944453
0.3763927
0.3913077
0.36801553
0.39499533
0.36629316
0.40383026
0.34651446
0.31844178
0.37111184
0.40498292
0.33517817
0.38107932
0.38008174
0.37406838
0.396023
0.3546332
0.39724573
0.44192186
0.34699938
0.37460697
0.36215582
0.35037032
0.38617063
0.34813264
0.43542337
0.42299852
1.8633364
1.5628113
1.4545921
1.3230098
1.2470521
1.1440527
1.0797526
1.0000985
0.94978446
0.90901375
0.87931347
0.83456355
0.7702887
1.8118352
1.6448301
1.4695616
1.3626524
1.2461187
1.151801
1.0459164
1.8526611
1.6313452
1.3951908
1.3327632
1.2123759
1.1999112
1.0618163
1.0111003
0.9690682
0.91749024
0.8728364
0.8133629
0.7669649
0.7351749
0.70045066
0.7119575
0.6541738
0.6240484
0.5733468
0.5833146
0.5754194
0.524532
0.54696846
0.5356344
0.4998671
0.4999969
0.487101
0.4459161
0.46129242
0.4590201
0.4574221
0.4564906
0.4009486
0.40763316
0.44731316
0.41536435
0.38238737
0.41554728
0.40967312
0.39564538
0.39837357
0.36053768
0.36284408
0.36547318
0.3946842
0.35260525
0.42879686
0.43174338
0.41901636
0.4226893
0.36474362
0.3446419
0.39444304
0.3612156
0.37651157
0.3514786
0.36048248
0.382889
0.4096361
0.36469233
0.4291284
0.30943793
0.38737
0.39276138
0.3633066
0.34421244
0.3230326
0.33557275
0.34957814
0.36468077
0.37766448
0.37699685
0.36676612
0.35532233
0.78125477
0.7792192
0.73186463
0.76631266
0.7598898
0.7307055
0.7410814
0.74322027
0.7537324
0.75078934
0.7481234
0.7238734
0.7411575
0.7333715
0.717428
0.69506353
0.7204569
0.69192165
0.70326275
0.7086231
0.71307236
0.7312817
0.69312453
0.6828527
0.68852115
0.65625995
0.66158557
0.6611147
0.6592546
0.664089
0.66058594
0.6471007
0.63116527
0.62453395
0.6057931
0.61085683
0.6201765
0.59826714
0.58271676
0.5993834
0.57318026
0.57914716
0.5755519
0.56820697
0.5688179
0.5323155
0.5325177
0.5253331
0.507673
0.54711425
0.5346202
0.48381695
0.49624336
0.4978379
0.45522502
0.44200683
0.4739598
0.4611117
0.45757464
0.44278643
0.44877693
0.44833526
0.45350707
0.43708086
0.4201555
0.43407986
0.37211713
0.38488773
0.40265548
0.39775005
0.40546486
0.45157385
0.3958368
0.41045317
0.41785204
0.39439717
0.38733163
0.39427468
0.44167456
0.40150753
0.46631047
0.43383887
0.32489154
0.40044594
0.34298834
0.43016484
0.3686061
0.40860593
0.33132178
0.37201867
0.36415336
0.355355
0.3973144
0.39830327
0.41542324
0.40061072
0.33327487
0.3912282
0.37961963
0.34968337
0.40541816
0.33807543
0.38456368
0.3572863
0.36831704
0.38140842
0.42737505
0.3470982
0.41267118
0.39116704
0.39809656
0.33022785
0.3502041
0.3274175
0.3056412
0.3517488
0.38143453
0.3719401
0.3646294
0.36127356
0.38790706
0.33533558
0.3528336
0.3678763
0.38456985
0.33662978
0.3948799
0.3724004
0.36110154
0.36695513
0.3971568
0.3868624
0.29437894
0.3613634
0.34129176
0.3460652
0.36931095
0.32612088
0.30353162
0.39787564
0.36340997
0.3750186
0.37789285
0.38743794
0.31602597
0.37050387
0.35130942
0.34194377
0.36933842
0.35778078
0.3690951
0.35660204
0.38014212
0.34375998
0.3982993
0.33773062
0.3476725
0.37314725
0.40611947
0.3819574
0.39411438
0.37684202
0.3469596
0.3787022
0.380209
0.3585279
0.36059543
0.38710132
0.3782017
0.38744304
0.36913908
0.34174922
0.32600284
0.3562546
0.37936902
0.38800478
0.4160807
0.37820426
0.37669387
0.34939528
0.33613768
0.38831237
0.39042354
0.36158156
0.30899808
0.41675058
0.36787152
0.36569285
0.36394587
0.347407
0.35610178
0.3404528
0.37850058
0.36846185
0.3779664
0.3952305
0.38758254
0.3509625
0.34703335
0.32633236
0.33983764
0.35786772
0.34036133
0.3602341
0.34249684
0.34261248
0.35071352
0.34914085
0.32908446
0.37443292
0.28965005
0.35944524
0.32914868
0.35935926
0.34236327
0.3469405
0.3355999
0.34449652
0.32939658
0.32859573
0.33813047
0.37579593
0.33594742
0.38783666
0.3420094
0.3312894
0.37539282
0.36417034
0.31082183
0.3242315
0.30967757
0.34518847
0.33145186
0.33481422
0.36922646
0.39970025
0.32839796
0.3125445
0.42561436
0.38538662
0.36562297
0.3774447
0.39427933
0.34936872
0.35069522
0.34993184
0.3714266
0.36752245
0.32361826
0.35373107
0.32801893
0.35400406
0.37439564
0.35108578
0.37413263
0.35180148
0.32292575
0.3288383
0.37132272
0.3253772
0.33975673
0.35285088
0.35972044
0.34160876
0.35847068
0.32778785
0.31454062
0.35091993
0.35260305
0.31913313
0.34205106
0.3113618
0.37366542
0.3671817
0.3458073
0.38245204
0.31527644
0.37083375
0.38021246
0.35031042
0.3479444
0.35472003
0.34643698
0.3449783
0.36409584
0.37708798
0.37864646
0.3794539
0.3385373
0.38252702
0.37121546
0.36270154
0.37755156
0.3115004
0.33513048
0.34139547
0.29637268
0.36807844
0.34994856
0.37579882
0.3540348
0.37174568
0.285028
0.36235094
0.36647257
0.3402343
0.371143
0.36697438
0.35609636
0.36502728
0.30625907
0.32336572
0.3310093
0.3134652
0.33482456
0.38148233
0.34563544
0.3542812
0.40038005
0.3052
0.3471065
0.35814345
0.38124076
0.30045068
0.7727175
0.75283146
0.753702
0.77970695
0.7685705
0.751579
0.77419513
0.7520767
0.74635464
0.7423792
0.76342463
0.72404027
0.7440946
0.71564484
0.74441403
0.69176936
0.7314916
0.7489431
0.7158167
0.69213194
0.68981427
0.7258911
0.71927214
0.69239014
0.70997244
0.67482805
0.67312557
0.68828136
0.6381999
0.6521874
0.6623776
0.6182719
0.6502144
0.649499
0.6232606
0.6335538
0.61832845
0.6152529
0.56871533
0.61142284
0.6026883
0.567028
0.54532427
0.5650603
0.5416836
0.5278994
0.5306627
0.53084683
0.53999084
0.4887184
0.5137467
0.50331354
0.4705607
0.52571774
0.5119749
0.49884412
0.4485594
0.47885314
0.4581041
0.464286
0.44527805
0.3933152
0.41624343
0.4850447
0.3940654
0.40781537
0.39163646
0.4322624
0.40996465
0.42591774
0.43315077
0.39649388
0.41374183
0.39402542
0.39148387
0.40762863
0.37607434
0.41163275
0.39296493
0.37626126
0.39359617
0.39336154
0.42988837
0.40292034
0.43223938
0.3550993
0.38429907
0.39990032
0.36681685
0.36359254
0.38729736
0.3559655
0.33644378
0.39015856
0.35700798
0.38802254
0.35544798
0.371538
0.38866338
0.36243388
0.40348363
0.3299988
0.41096756
0.36977327
0.40216878
0.37201038
0.3928431
0.35334298
0.35856143
